0.400
0.493
0.523
0.513
0.493
0.493
0.463
0.473
0.433
0.453
0.473
0.533
0.553
0.553
0.563
0.553
0.493
0.443
0.413
0.393
0.353
0.333
0.363
0.413
0.443
0.503
0.513
0.513
0.513
0.503
0.483
0.463
0.463
0.463
0.473
0.533
0.563
0.623
0.643
0.653
0.563
0.563
0.503
0.483
0.433
0.433
0.443
0.473
0.503
0.553
0.603
0.603
0.593
0.593
0.553
0.523
0.513
0.513
0.543
0.543
0.603
0.603
0.583
0.613
0.573
0.543
0.443
0.413
0.383
0.353
0.343
0.353
0.383
0.423
0.453
0.473
0.473
0.453
0.423
0.383
0.353
0.343
0.353
0.363
0.413
0.453
0.463
0.503
0.473
0.463
0.423
0.393
0.353
0.303
0.353
0.333
0.383
0.403
0.463
0.473
0.463
0.483
0.443
0.393
0.373
0.353
0.323
0.343
0.383
0.423
0.453
0.453
0.493
0.453
0.413
0.363
0.363
0.313
0.303
0.303
0.333
