0.383
0.383
0.383
0.403
0.403
0.433
0.413
0.403
0.413
0.443
0.423
0.363
0.333
0.303
0.283
0.263
0.303
0.283
0.283
0.313
0.363
0.403
0.403
0.423
0.393
0.393
0.403
0.403
0.383
0.383
0.403
0.383
0.433
0.413
0.403
0.383
0.353
0.313
0.293
0.253
0.213
0.183
0.203
0.193
0.243
0.283
0.303
0.313
0.303
0.293
0.303
0.283
0.273
0.273
0.253
0.263
0.313
0.323
0.323
0.293
0.293
0.233
0.213
0.153
0.133
0.093
0.083
0.113
0.123
0.183
0.213
0.253
0.263
0.253
0.243
0.183
0.203
0.193
0.173
0.173
0.193
0.223
0.253
0.253
0.243
0.193
0.173
0.093
0.053
-0.007
-0.047
-0.067
-0.037
-0.007
0.033
0.043
0.063
0.093
0.073
0.033
0.013
-0.027
-0.077
-0.037
-0.057
-0.017
-0.017
0.003
0.013
0.013
-0.067
-0.117
-0.157
-0.217
-0.257
-0.297
-0.317
-0.317
-0.267
-0.207
-0.187
-0.127
-0.137
-0.167
-0.197
-0.197
-0.237
-0.237
-0.227
-0.207
-0.147
-0.127
-0.077
-0.027
-0.027
-0.057
-0.087
-0.147
-0.167
-0.157
-0.147
-0.117
-0.057
-0.027
0.003
0.048
0.093
0.083
0.073
0.003
0.013
-0.037
-0.017
0.003
0.033
0.083
0.153
0.213
0.263
0.293
0.263
0.223
0.183
0.133
0.093
0.103
0.113
0.173
0.233
0.273
0.323
0.353
0.363
0.313
0.263
0.193
0.173
0.163
0.183
0.223
0.283
0.323
0.353
0.403
0.363
0.323
0.263
0.193
0.163
0.113
0.123
0.103
0.173
0.243
0.293
0.303
0.273
0.273
0.213
0.163
0.103
0.093
0.053
0.063
0.153
0.183
0.223
0.283
0.323
0.263
0.263
0.233
0.163
0.143
0.133
0.113
0.133
0.213
0.263
0.283
0.293
0.293
0.283
0.203
0.153
0.093
0.083
0.053
0.103
0.133
0.193
0.243
0.273
0.343
0.273
0.263
0.203
0.213
0.203
0.203
0.173
